-1.02  0.936    -0.157  -0.00519 0.00224 0.000139 -1.9e-05 -2.68e-06
0.936 -0.754 1.44 -0.155 -0.0222 0.00141 0.000377 1.9e-05 
-0.157 1.44 -0.461 1.75 -0.0628 -0.031 -0.00141 0.000139
-0.00519 -0.155 1.75 -0.155 1.86 0.0628 -0.0222 -0.00224
0.00224 -0.0222 -0.0628 1.86 0.155 1.75 0.155 -0.00519
0.000139 0.00141 -0.031 0.0628 1.75 0.461 1.44 0.157
-1.9e-05 0.000377 -0.00141 -0.0222 0.155 1.44 0.754 0.936
-2.68e-06 1.9e-05 0.000139 -0.00224 -0.00519 0.157 0.936 1.02
