2.86 -0.71 0.146 0.339 -0.0385 -0.0202 0.00167 0.00232
-0.71 2.08 -0.825 0.162 0.523 -0.0179 -0.0245 -0.00167
0.146 -0.825 1.23 -0.892  0.0709 0.588 0.0179 -0.0202
0.339 0.162 -0.892 0.399 -0.917  -0.0709 0.523 0.0385
-0.0385 0.523 0.0709 -0.917 -0.399 -0.892 -0.162 0.339
-0.0202 -0.0179 0.588 -0.0709 -0.892 -1.23 -0.825 -0.146
0.00167 -0.0245 0.0179 0.523 -0.162 -0.825 -2.08  -0.71
0.00232 -0.00167 -0.0202 0.0385 0.339 -0.146 -0.71 -2.86
