-1.02  1.24 -0.0447 -0.0175 0.000785 0.000278 -5.31e-06 -2.68e-06
1.24 -0.754 1.61 -0.0392 -0.0274 0.000386 0.000377 5.31e-06
-0.0447 1.61 -0.461 1.8 -0.015 -0.031 -0.000386 0.000278
-0.0175 -0.0392 1.8 -0.155 1.86 0.015 -0.0274 -0.000785
0.000785 -0.0274 -0.015 1.86 0.155 1.8 0.0392 -0.0175
0.000278 0.000386 -0.031 0.015 1.8 0.461 1.61 0.0447
-5.31e-06 0.000377 -0.000386 -0.0274 0.0392 1.61 0.754 1.24
-2.68e-06 5.31e-06 0.000278 -0.000785 -0.0175 0.0447 1.24 1.02
