-1.39e-1 -0.89 -0.0929 0.0178 0.000646 -0.000254 -2.55e-05 -3.23e-15
0.89 8.67e-18 -0.801 -0.216 0.0166 0.00308 6.08e-15 -2.55e-05
0.0929 0.801 -6.24e-17 -0.456 -0.299 -8.6e-15 0.00308 0.000254
-0.0178 0.216 0.456 -4.14e-17 6.72e-15 -0.299 -0.0166 0.000646
-0.000646 -0.0166 0.299 -6.69e-15 0 0.456 -0.216 -0.0178
0.000254 -0.00308 8.55e-15 0.299 -0.456 1.39e-17 0.801 -0.0929
2.55e-05 -6.13e-15 -0.00308 0.0166 0.216 -0.801 1.73e-18 0.89
3.19e-15 2.55e-05 -0.000254 -0.000646 0.0178  0.0929 -0.89 5.55e-17
